0 1 185.838765132574
1 0 185.838765132574
1 2 711.5932449152396
2 1 711.5932449152396
2 3 748.8751623455007
3 2 748.8751623455007
3 4 735.3055685774452
4 3 735.3055685774452
4 5 313.4367295005485
5 4 313.4367295005485
5 6 311.01633243288046
6 5 311.01633243288046
6 7 603.8156517025706
7 6 603.8156517025706
8 9 441.3871316701473
9 8 441.3871316701473
9 10 291.448192706697
10 9 291.448192706697
10 11 409.4566486613693
11 10 409.4566486613693
11 12 617.7658544303011
12 11 617.7658544303011
12 13 367.63993715726804
13 12 367.63993715726804
13 14 782.6268088239758
14 13 782.6268088239758
14 15 199.09069250218604
15 14 199.09069250218604
15 16 304.385139696405
16 15 304.385139696405
16 17 182.76344917953372
17 16 182.76344917953372
17 18 296.07872750334496
18 17 296.07872750334496
18 19 385.1084461875642
19 18 385.1084461875642
19 20 332.8474208823016
20 19 332.8474208823016
20 21 740.7581345473028
21 20 740.7581345473028
48 49 82.6994270173621
49 48 82.6994270173621
49 50 39.360004687499725
50 49 39.360004687499725
47 52 197.94867146055816
52 47 197.94867146055816
52 3 249.61664455921203
3 52 249.61664455921203
30 29 188.0620377003291
29 30 188.0620377003291
54 53 126.72365140335882
53 54 126.72365140335882
28 53 272.8326405142904
53 28 272.8326405142904
30 31 146.62882227243048
31 30 146.62882227243048
31 32 377.82804395915343
32 31 377.82804395915343
35 36 357.0026038518487
36 35 357.0026038518487
33 55 122.94
55 33 122.94
0 57 92.205
57 0 92.205
57 56 441.3871316701473
56 57 441.3871316701473
27 28 461.0659781788285
28 27 461.0659781788285
31 45 356.526
45 31 356.526
45 44 270.7472649169332
44 45 270.7472649169332
44 43 390.41919356763185
43 44 390.41919356763185
42 41 96.21576900383846
41 42 96.21576900383846
41 40 805.4681288108177
40 41 805.4681288108177
40 39 325.791
39 40 325.791
39 38 701.1892357331222
38 39 701.1892357331222
38 37 228.10257252604586
37 38 228.10257252604586
9 58 402.38207535251865
58 9 402.38207535251865
59 58 125.3746918002194
58 59 125.3746918002194
59 60 435.39683089453007
60 59 435.39683089453007
59 61 200.13182040844978
61 59 200.13182040844978
61 62 234.87654020782918
62 61 234.87654020782918
62 35 124.31538151411515
35 62 124.31538151411515
63 62 123.55317088606023
62 63 123.55317088606023
63 64 116.793
64 63 116.793
64 65 116.793
65 64 116.793
65 66 172.22573287694266
66 65 172.22573287694266
66 67 98.54390652394495
67 66 98.54390652394495
67 68 375.16848684957534
68 67 375.16848684957534
68 69 332.16558864518163
69 68 332.16558864518163
69 55 159.94016785348202
55 69 159.94016785348202
9 70 117.43827010391459
70 9 117.43827010391459
70 61 381.312238765031
61 70 381.312238765031
9 66 319.17080358955144
66 9 319.17080358955144
71 9 135.3736324584666
9 71 135.3736324584666
67 71 229.50629391369642
71 67 229.50629391369642
72 73 184.41
73 72 184.41
73 75 121.23779072962358
75 73 121.23779072962358
75 74 143.89758070238707
74 75 143.89758070238707
60 74 362.88131305566014
74 60 362.88131305566014
54 76 354.6131790444343
76 54 354.6131790444343
76 92 206.1766478653681
92 76 206.1766478653681
92 51 344.2868795539557
51 92 344.2868795539557
92 91 74.01968187583624
91 92 74.01968187583624
91 90 169.5725462715
90 91 169.5725462715
50 90 104.31804921488897
90 50 104.31804921488897
90 51 292.03102491516205
51 90 292.03102491516205
48 76 276.615
76 48 276.615
48 46 264.3924670825552
46 48 264.3924670825552
49 109 313.497
109 49 313.497
109 47 250.7493836004388
47 109 250.7493836004388
109 97 198.23479351516474
97 109 198.23479351516474
97 98 186.6502919847703
98 97 186.6502919847703
98 52 162.7504590131776
52 98 162.7504590131776
98 99 167.7804479222773
99 98 167.7804479222773
99 100 138.1366444684393
100 99 138.1366444684393
100 3 108.92511751657649
3 100 108.92511751657649
46 96 159.94016785348202
96 46 159.94016785348202
96 97 91.38172458976686
97 96 91.38172458976686
46 94 66.2052161389116
94 46 66.2052161389116
94 76 181.62278672292197
76 94 181.62278672292197
76 101 107.52858389284218
101 76 107.52858389284218
76 105 104.49900000000001
105 76 104.49900000000001
76 93 172.55451281261816
93 76 172.55451281261816
93 95 73.76400000000001
95 93 73.76400000000001
95 96 160.29414873912273
96 95 160.29414873912273
95 94 126.72365140335882
94 95 126.72365140335882
101 102 153.675
102 101 153.675
102 103 153.675
103 102 153.675
103 104 147.52800000000002
104 103 147.52800000000002
104 110 144.68319662628414
110 104 144.68319662628414
110 79 198.42531234194897
79 110 198.42531234194897
110 107 134.25250646822204
107 110 134.25250646822204
107 103 184.92154051110433
103 107 184.92154051110433
107 108 196.41564802479462
108 107 196.41564802479462
79 80 70.086583380844
80 79 70.086583380844
80 82 107.3527398113341
82 80 107.3527398113341
82 87 134.25250646822204
87 82 134.25250646822204
80 81 151.1962084346033
81 80 151.1962084346033
81 82 116.63112466233017
82 81 116.63112466233017
82 84 204.33574808388278
84 82 204.33574808388278
84 85 277.3652824778184
85 84 277.3652824778184
85 77 173.10109166900133
77 85 173.10109166900133
77 83 266.8817583968601
83 77 266.8817583968601
83 108 101.37892112268705
108 83 101.37892112268705
108 79 120.76938798387611
79 108 120.76938798387611
77 106 195.35471606797725
106 77 195.35471606797725
106 105 237.2773849527173
105 106 237.2773849527173
107 111 152.06838168403056
111 107 152.06838168403056
111 102 222.14410942899207
102 111 222.14410942899207
111 106 190.85420371582074
106 111 190.85420371582074
56 87 225.4365633720493
87 56 225.4365633720493
87 88 210.25975014253206
88 87 210.25975014253206
88 26 277.3652824778184
26 88 277.3652824778184
26 89 266.8817583968601
89 26 266.8817583968601
85 86 272.8326405142904
86 85 272.8326405142904
85 26 132.6954927418411
26 85 132.6954927418411
86 78 169.12630195507737
78 86 169.12630195507737
77 78 280.346333523376
78 77 280.346333523376
86 89 134.25250646822204
89 86 134.25250646822204
89 112 159.58540179477572
112 89 159.58540179477572
112 27 176.0232921519195
27 112 176.0232921519195
76 120 94.03101885016456
120 76 94.03101885016456
120 118 244.80191149989005
118 120 244.80191149989005
118 119 93.82988275064612
119 118 93.82988275064612
119 54 100.8182960627683
54 119 100.8182960627683
119 116 124.46726352740306
116 119 124.46726352740306
116 28 145.7240963533485
28 116 145.7240963533485
118 117 74.27448359968584
117 118 74.27448359968584
117 114 123.70598871922087
114 117 123.70598871922087
114 115 189.36352061841268
115 114 189.36352061841268
115 116 159.46697105356958
116 115 159.46697105356958
115 113 118.71828905859452
113 115 118.71828905859452
113 28 174.94668699349526
28 113 174.94668699349526
113 78 82.47065914614726
78 113 82.47065914614726
114 77 165.1702445902409
77 114 165.1702445902409
117 115 122.94
115 117 122.94
53 122 202.7578422453741
122 53 202.7578422453741
122 29 138.6826412389092
29 122 138.6826412389092
122 121 196.41564802479462
121 122 196.41564802479462
51 121 191.24975689396314
121 51 191.24975689396314
121 30 308.69937787109325
30 121 308.69937787109325
143 148 83.60823921719678
148 143 83.60823921719678
143 144 204.7052524509325
144 143 204.7052524509325
144 145 152.1925698482025
145 144 152.1925698482025
145 146 224.34444764245896
146 145 224.34444764245896
144 146 179.5302884668768
146 144 179.5302884668768
146 147 186.95370636871579
147 146 186.95370636871579
147 140 204.33574808388278
140 147 204.33574808388278
147 143 226.77348577159543
143 147 226.77348577159543
140 139 272.97109910757956
139 140 272.97109910757956
139 7 157.4400187499989
7 139 157.4400187499989
140 141 157.07960617788677
141 140 157.07960617788677
141 142 78.72000937499945
142 141 78.72000937499945
142 143 204.33574808388278
143 142 204.33574808388278
141 138 243.56396722421815
138 141 243.56396722421815
142 137 240.04802378899103
137 142 240.04802378899103
139 138 187.35749454185174
138 139 187.35749454185174
138 137 108.75153156162905
137 138 108.75153156162905
137 151 156.71836475027425
151 137 156.71836475027425
142 149 78.72000937499945
149 142 78.72000937499945
149 150 107.52858389284218
150 149 107.52858389284218
150 151 152.68831243091267
151 150 152.68831243091267
151 124 139.3621290953895
124 151 139.3621290953895
150 152 100.06591020422489
152 150 100.06591020422489
152 124 150.06739473983015
124 152 150.06739473983015
152 125 222.82345079905753
125 152 222.82345079905753
148 125 126.72365140335882
125 148 126.72365140335882
136 124 365.991781198704
124 136 365.991781198704
4 153 155.14326583194
153 4 155.14326583194
153 128 91.38172458976686
128 153 91.38172458976686
128 127 70.086583380844
127 128 70.086583380844
127 126 104.49900000000001
126 127 104.49900000000001
126 132 80.14707436956137
132 126 80.14707436956137
127 131 85.61780273985079
131 127 85.61780273985079
128 129 101.75095511099639
129 128 101.75095511099639
153 130 79.911
130 153 79.911
130 129 88.65329476110857
129 130 88.65329476110857
131 132 121.23779072962358
132 131 121.23779072962358
126 159 109.44422347935958
159 126 109.44422347935958
159 125 155.14326583194
125 159 155.14326583194
125 158 109.44422347935958
158 125 109.44422347935958
158 136 96.0192095155964
136 158 96.0192095155964
136 157 127.91078413097155
157 136 127.91078413097155
157 133 121.70439075070382
133 157 121.70439075070382
133 134 165.51304034727897
134 133 165.51304034727897
134 135 91.38172458976686
135 134 91.38172458976686
135 47 187.2566291269818
47 135 187.2566291269818
134 154 110.81661845138571
154 134 110.81661845138571
154 131 170.46153032576
131 154 170.46153032576
132 156 70.086583380844
156 132 70.086583380844
156 133 124.46726352740306
133 156 124.46726352740306
156 155 143.50315991294408
155 156 143.50315991294408
155 158 139.09073228651866
158 155 139.09073228651866
47 160 172.22573287694266
160 47 172.22573287694266
160 50 196.8000234374986
50 160 196.8000234374986
50 162 134.81423489008867
162 50 134.81423489008867
162 161 230.73777991694382
161 162 230.73777991694382
162 164 118.08001406249916
164 162 118.08001406249916
90 164 148.03936375167248
164 90 148.03936375167248
164 163 241.92955243417455
163 164 241.92955243417455
163 51 206.63431024396698
51 163 206.63431024396698
163 124 152.68831243091267
124 163 152.68831243091267
161 160 148.67609513637356
160 161 148.67609513637356
161 133 134.9543016654156
133 161 134.9543016654156
130 165 415.5481116910532
165 130 415.5481116910532
165 166 70.086583380844
166 165 70.086583380844
166 129 412.3532957307362
129 166 412.3532957307362
166 135 179.5302884668768
135 166 179.5302884668768
166 52 189.86171542994128
52 166 189.86171542994128
123 124 368.4099720800185
124 123 368.4099720800185
123 31 245.88
31 123 245.88
136 162 140.173166761688
162 136 140.173166761688
139 174 296.9070996069309
174 139 296.9070996069309
32 168 116.95465128843743
168 32 116.95465128843743
32 167 160.29414873912273
167 32 160.29414873912273
167 171 222.73864643792731
171 167 222.73864643792731
171 172 126.12589499781559
172 171 126.12589499781559
172 173 96.0192095155964
173 172 96.0192095155964
173 178 65.3435063108799
178 173 65.3435063108799
178 181 80.14707436956137
181 178 80.14707436956137
181 174 61.47
174 181 61.47
174 176 128.35312822054632
176 174 128.35312822054632
176 180 71.68572259522813
180 176 71.68572259522813
180 179 118.23990582709375
179 180 118.23990582709375
179 175 66.2052161389116
175 179 66.2052161389116
175 170 126.5744769532942
170 175 126.5744769532942
170 167 146.62882227243048
167 170 146.62882227243048
172 170 186.95370636871579
170 172 186.95370636871579
175 173 162.2854567513676
173 175 162.2854567513676
178 179 140.173166761688
179 178 140.173166761688
181 180 132.4104322778232
180 181 132.4104322778232
176 177 159.822
177 176 159.822
177 180 130.6870126217598
180 177 130.6870126217598
176 182 165.51304034727897
182 176 165.51304034727897
182 177 100.8182960627683
177 182 100.8182960627683
177 182 100.8182960627683
182 177 100.8182960627683
177 183 136.48554955378978
183 177 136.48554955378978
183 169 157.5599730674006
169 183 157.5599730674006
169 168 178.68642814998572
168 169 178.68642814998572
168 184 129.08700000000002
184 168 129.08700000000002
184 199 110.81661845138571
199 184 110.81661845138571
199 185 209.35927598269922
185 199 209.35927598269922
185 33 307.35
33 185 307.35
184 186 80.14707436956137
186 184 80.14707436956137
186 200 105.21969129872983
200 186 105.21969129872983
200 187 208.99800000000002
187 200 208.99800000000002
187 188 301.45379354886217
188 187 301.45379354886217
188 33 86.27725640630908
33 188 86.27725640630908
187 185 73.76400000000001
185 187 73.76400000000001
200 199 86.058
199 200 86.058
184 189 116.95465128843743
189 184 116.95465128843743
199 198 110.81661845138571
198 199 110.81661845138571
169 189 70.086583380844
189 169 70.086583380844
189 198 99.11739675758237
198 189 99.11739675758237
198 197 55.663452444130705
197 198 55.663452444130705
197 195 196.8000234374986
195 197 196.8000234374986
195 194 110.646
194 195 110.646
194 55 159.822
55 194 159.822
194 33 201.6365921255366
33 194 201.6365921255366
194 193 234.71561073350023
193 194 234.71561073350023
195 196 156.47707382233347
196 195 156.47707382233347
196 197 135.3736324584666
197 196 135.3736324584666
196 191 113.34507955795875
191 196 113.34507955795875
196 193 78.23853691116673
193 196 78.23853691116673
193 192 121.70439075070382
192 193 121.70439075070382
182 192 208.63609842977795
192 182 208.63609842977795
192 191 87.3652849706335
191 192 87.3652849706335
191 190 65.3435063108799
190 191 65.3435063108799
190 183 129.67110705550408
183 190 129.67110705550408
190 189 165.3988540347242
189 190 165.3988540347242
177 191 230.73777991694382
191 177 230.73777991694382
55 201 153.79789086330152
201 55 153.79789086330152
201 202 227.77102791399966
202 201 227.77102791399966
69 202 164.9413182922945
202 69 164.9413182922945
193 201 332.16558864518163
201 193 332.16558864518163
22 21 372.13472961415465
21 22 372.13472961415465
23 22 494.9766547585856
22 23 494.9766547585856
8 25 590.9118485603416
25 8 590.9118485603416
25 201 54.98043943076483
201 25 54.98043943076483
25 24 537.642919464211
24 25 537.642919464211
24 7 643.1183997632162
7 24 643.1183997632162
33 203 350.5946178665611
203 33 350.5946178665611
203 205 178.3689512723557
205 203 178.3689512723557
205 207 166.08279432259081
207 205 166.08279432259081
207 204 135.7916683453002
204 207 135.7916683453002
204 34 110.81661845138571
34 204 110.81661845138571
205 68 128.35312822054632
68 205 128.35312822054632
204 67 134.25250646822204
67 204 134.25250646822204
207 208 92.205
208 207 92.205
208 206 153.675
206 208 153.675
206 205 99.11739675758237
205 206 99.11739675758237
206 209 191.44722701047408
209 206 191.44722701047408
209 203 86.058
203 209 86.058
214 209 154.77750516790223
209 214 154.77750516790223
214 188 205.16619708421757
188 214 205.16619708421757
214 213 57.99068201875194
213 214 57.99068201875194
213 215 113.34507955795875
215 213 113.34507955795875
215 212 70.086583380844
212 215 70.086583380844
212 209 98.54390652394495
209 212 98.54390652394495
210 215 107.52858389284218
215 210 107.52858389284218
211 210 330.1688688610724
210 211 330.1688688610724
211 188 132.4104322778232
188 211 132.4104322778232
211 216 262.5999551123343
216 211 262.5999551123343
216 218 103.04249671373458
218 216 103.04249671373458
216 217 100.06591020422489
217 216 100.06591020422489
217 219 157.4400187499989
219 217 157.4400187499989
219 43 178.263
43 219 178.263
218 220 146.11252199931394
220 218 146.11252199931394
220 223 89.50167097881469
223 220 89.50167097881469
223 224 140.30788391605086
224 223 140.30788391605086
224 42 121.70439075070382
42 224 121.70439075070382
224 221 247.25920682959412
221 224 247.25920682959412
221 222 83.60823921719678
222 221 83.60823921719678
222 210 316.4361923832355
210 222 316.4361923832355
218 221 286.7428903809125
221 218 286.7428903809125
14 225 423.8310809579684
225 14 423.8310809579684
14 226 180.8931656917972
226 14 180.8931656917972
226 227 140.44247184523635
227 226 140.44247184523635
227 239 92.205
239 227 92.205
239 233 74.01968187583624
233 239 74.01968187583624
233 238 149.68923186722552
238 233 149.68923186722552
238 237 99.11739675758237
237 238 99.11739675758237
237 239 162.40183213868002
239 237 162.40183213868002
237 236 108.75153156162905
236 237 108.75153156162905
236 226 351.72444308862015
226 236 351.72444308862015
236 235 227.52205240371757
235 236 227.52205240371757
235 234 181.62278672292197
234 235 181.62278672292197
227 228 309.37185973678993
228 227 309.37185973678993
228 229 136.0696454393852
229 228 136.0696454393852
226 240 343.62774644228017
240 226 343.62774644228017
240 229 349.6773237200262
229 240 349.6773237200262
229 230 399.9803351491171
230 229 399.9803351491171
230 231 145.0744092285059
231 230 145.0744092285059
232 231 319.644
231 232 319.644
232 241 189.7621811030849
241 232 189.7621811030849
241 233 218.28342344071848
233 241 218.28342344071848
23 254 100.06591020422489
254 23 100.06591020422489
254 256 272.97109910757956
256 254 272.97109910757956
256 257 220.69356583507366
257 256 220.69356583507366
257 253 202.94411499228056
253 257 202.94411499228056
253 252 252.10195226931503
252 253 252.10195226931503
252 255 246.1871581459927
255 252 246.1871581459927
255 257 274.90219715382415
257 255 274.90219715382415
252 251 172.22573287694266
251 252 172.22573287694266
251 247 445.30761955304564
247 251 445.30761955304564
247 250 88.01164607595975
250 247 88.01164607595975
250 249 266.8817583968601
249 250 266.8817583968601
249 248 134.9543016654156
248 249 134.9543016654156
248 245 277.3652824778184
245 248 277.3652824778184
249 246 219.40571065038395
246 249 219.40571065038395
245 246 135.7916683453002
246 245 135.7916683453002
246 247 239.81179474329448
247 246 239.81179474329448
245 242 206.1766478653681
242 245 206.1766478653681
242 243 272.97109910757956
243 242 272.97109910757956
243 244 210.43938259745966
244 243 210.43938259745966
244 231 209.8099961512797
231 244 209.8099961512797
242 258 277.70564986870545
258 242 277.70564986870545
258 254 394.1756260957798
254 258 394.1756260957798
255 259 319.88033570696405
259 255 319.88033570696405
259 246 277.70564986870545
246 259 277.70564986870545
255 261 143.89758070238707
261 255 143.89758070238707
254 261 196.8000234374986
261 254 196.8000234374986
261 260 351.24067729265073
260 261 351.24067729265073
260 245 307.59578172660304
245 260 307.59578172660304
259 260 148.67609513637356
260 259 148.67609513637356
260 258 190.6561193825155
258 260 190.6561193825155
244 248 368.4612505230367
248 244 368.4612505230367
34 262 153.675
262 34 153.675
262 263 165.969
263 262 165.969
263 35 215.49597086952696
35 263 215.49597086952696
39 266 217.3292691976854
266 39 217.3292691976854
266 267 86.27725640630908
267 266 86.27725640630908
267 268 138.6826412389092
268 267 138.6826412389092
268 265 113.34507955795875
265 268 113.34507955795875
34 265 86.27725640630908
265 34 86.27725640630908
262 271 140.44247184523635
271 262 140.44247184523635
271 272 181.62278672292197
272 271 181.62278672292197
272 273 171.23560547970158
273 272 171.23560547970158
273 270 202.94411499228056
270 273 202.94411499228056
270 37 111.32690488826141
37 270 111.32690488826141
270 269 295.1200243036721
269 270 295.1200243036721
269 35 141.51456734202313
35 269 141.51456734202313
38 274 224.34444764245896
274 38 224.34444764245896
274 275 142.97557298014232
275 274 142.97557298014232
275 276 136.48554955378978
276 275 136.48554955378978
276 277 181.51873470250942
277 276 181.51873470250942
277 278 78.72000937499945
278 277 78.72000937499945
278 279 253.22357408622128
279 278 253.22357408622128
279 280 186.95370636871579
280 279 186.95370636871579
280 253 209.8099961512797
253 280 209.8099961512797
278 281 199.09069250218604
281 278 199.09069250218604
281 283 211.24583837084222
283 281 211.24583837084222
283 285 253.22357408622128
285 283 253.22357408622128
285 284 178.3689512723557
284 285 178.3689512723557
284 37 137.45109857691207
37 284 137.45109857691207
284 282 231.47352669797903
282 284 231.47352669797903
282 283 197.5665308117749
283 282 197.5665308117749
282 38 150.69555736318173
38 282 150.69555736318173
274 281 352.31481031174377
281 274 352.31481031174377
37 287 347.94409211251167
287 37 347.94409211251167
287 36 121.08185781528131
36 287 121.08185781528131
36 289 165.969
289 36 165.969
289 288 105.75698683302205
288 289 105.75698683302205
288 286 195.6446317101494
286 288 195.6446317101494
287 286 181.51873470250942
286 287 181.51873470250942
286 285 229.50629391369642
285 286 229.50629391369642
36 290 106.11367245553232
290 36 106.11367245553232
290 60 258.53963394613214
60 290 258.53963394613214
60 293 247.79349189395592
293 60 247.79349189395592
293 294 134.81423489008867
294 293 134.81423489008867
295 294 93.6283145634909
294 295 93.6283145634909
294 292 121.08185781528131
292 294 121.08185781528131
292 295 89.50167097881469
295 292 89.50167097881469
291 292 130.39756151861124
292 291 130.39756151861124
291 290 209.8099961512797
290 291 209.8099961512797
292 288 87.3652849706335
288 292 87.3652849706335
252 300 211.24583837084222
300 252 211.24583837084222
300 280 239.81179474329448
280 300 239.81179474329448
300 301 147.65600696551428
301 300 147.65600696551428
301 279 219.40571065038395
279 301 219.40571065038395
300 299 80.85116175417642
299 300 80.85116175417642
299 251 226.77348577159543
251 299 226.77348577159543
299 298 185.838765132574
298 299 185.838765132574
298 297 182.45306664728878
297 298 182.45306664728878
297 296 168.7908444969691
296 297 168.7908444969691
296 286 201.3553040200332
286 296 201.3553040200332
288 302 235.27838231550302
302 288 235.27838231550302
302 303 182.45306664728878
303 302 182.45306664728878
303 251 359.0605769337536
251 303 359.0605769337536
297 303 198.23479351516474
303 297 198.23479351516474
296 302 199.4699132124943
302 296 199.4699132124943
303 247 314.15921235577355
247 303 314.15921235577355
295 304 256.1905596094439
304 295 256.1905596094439
306 304 412.5823172955914
304 306 412.5823172955914
306 307 300.1347894796603
307 306 300.1347894796603
307 232 201.6365921255366
232 307 201.6365921255366
307 312 126.12589499781559
312 307 126.12589499781559
312 241 262.0958549119005
241 312 262.0958549119005
312 311 252.70077010171536
311 312 252.70077010171536
311 310 226.6901591159175
310 311 226.6901591159175
310 309 204.33574808388278
309 310 204.33574808388278
309 308 134.81423489008867
308 309 134.81423489008867
294 305 215.05716778568436
305 294 215.05716778568436
305 308 161.35143197691184
308 305 161.35143197691184
305 304 204.33574808388278
304 305 204.33574808388278
311 233 291.5130093855161
233 311 291.5130093855161
13 313 289.9534100937597
313 13 289.9534100937597
313 72 60.540928907640655
72 313 60.540928907640655
72 314 230.41002722320923
314 72 230.41002722320923
314 315 202.94411499228056
315 314 202.94411499228056
315 311 122.01446613414329
311 315 122.01446613414329
234 313 207.3644690924653
313 234 207.3644690924653
57 323 199.09069250218604
323 57 199.09069250218604
323 322 210.25975014253206
322 323 210.25975014253206
322 324 356.7379025447114
324 322 356.7379025447114
324 321 268.8565974957654
321 324 268.8565974957654
320 319 289.1704561621052
319 320 289.1704561621052
319 318 315.0000146571425
318 319 315.0000146571425
317 316 129.67110705550408
316 317 129.67110705550408
27 316 184.5124215574659
316 27 184.5124215574659
89 318 369.63869135143307
318 89 369.63869135143307
319 26 413.49713508681054
26 319 413.49713508681054
88 320 465.38920355762446
320 88 465.38920355762446
56 321 615.4985912526527
321 56 615.4985912526527
318 325 141.91451510328324
325 318 141.91451510328324
317 325 227.77102791399966
325 317 227.77102791399966
325 112 340.09079544880365
112 325 340.09079544880365
313 326 116.63112466233017
326 313 116.63112466233017
328 321 345.60137448945426
321 328 345.60137448945426
324 327 358.42861297614064
327 324 358.42861297614064
327 328 206.08499342746916
328 327 206.08499342746916
328 329 132.6954927418411
329 328 132.6954927418411
329 330 174.94668699349526
330 329 174.94668699349526
330 331 99.11739675758237
331 330 99.11739675758237
331 332 321.11824451594157
332 331 321.11824451594157
332 333 319.88033570696405
333 332 319.88033570696405
333 334 129.08700000000002
334 333 129.08700000000002
334 335 264.6067525158797
335 334 264.6067525158797
335 336 86.058
336 335 86.058
336 317 178.3689512723557
317 336 178.3689512723557
336 337 247.10634177212046
337 336 247.10634177212046
337 338 141.381
338 337 141.381
338 340 86.058
340 338 86.058
340 318 105.21969129872983
318 340 105.21969129872983
334 337 112.17222382122948
337 334 112.17222382122948
337 325 178.68642814998572
325 337 178.68642814998572
340 339 307.59578172660304
339 340 307.59578172660304
339 341 296.07872750334496
341 339 296.07872750334496
341 331 195.35471606797725
331 341 195.35471606797725
341 320 111.32690488826141
320 341 111.32690488826141
320 342 130.39756151861124
342 320 130.39756151861124
342 343 161.70232350835283
343 342 161.70232350835283
343 321 129.67110705550408
321 343 129.67110705550408
332 339 197.5665308117749
339 332 197.5665308117749
339 319 123.09357907299635
319 339 123.09357907299635
335 345 225.4365633720493
345 335 225.4365633720493
345 344 178.68642814998572
344 345 178.68642814998572
344 346 131.98168717288016
346 344 131.98168717288016
346 352 223.75417744703674
352 346 223.75417744703674
352 353 235.59936252248224
353 352 235.59936252248224
353 355 303.6394011981976
355 353 303.6394011981976
355 354 291.5778116558254
354 355 291.5778116558254
354 353 202.94411499228056
353 354 202.94411499228056
354 356 198.23479351516474
356 354 198.23479351516474
356 352 291.25365612297475
352 356 291.25365612297475
356 351 93.0209893572413
351 356 93.0209893572413
351 350 219.6638857277181
350 351 219.6638857277181
350 346 179.21430648807032
346 350 179.21430648807032
350 349 153.79789086330152
349 350 153.79789086330152
349 348 85.39685320314794
348 349 85.39685320314794
348 344 179.21430648807032
344 348 179.21430648807032
349 360 173.10109166900133
360 349 173.10109166900133
360 351 241.69516237194324
351 360 241.69516237194324
360 359 94.03101885016456
359 360 94.03101885016456
359 348 200.13182040844978
348 359 200.13182040844978
348 347 180.8931656917972
347 348 180.8931656917972
347 345 230.41002722320923
345 347 230.41002722320923
347 358 82.01120900218459
358 347 82.01120900218459
358 357 160.88238612414972
357 358 160.88238612414972
357 359 178.68642814998572
359 357 178.68642814998572
357 27 154.16597569178487
27 357 154.16597569178487
358 316 166.4237104411508
316 358 166.4237104411508
43 364 126.72365140335882
364 43 126.72365140335882
364 42 143.37144519045626
42 364 143.37144519045626
42 363 132.4104322778232
363 42 132.4104322778232
363 362 128.35312822054632
362 363 128.35312822054632
355 362 314.0389139740488
362 355 314.0389139740488
362 364 167.21647843439357
364 362 167.21647843439357
43 361 152.1925698482025
361 43 152.1925698482025
355 361 193.01971524691461
361 355 193.01971524691461
45 365 176.0232921519195
365 45 176.0232921519195
365 366 148.54896719937167
366 365 148.54896719937167
366 30 85.39685320314794
30 366 85.39685320314794
30 367 129.23327426789126
367 30 129.23327426789126
367 368 49.558698378791185
368 367 49.558698378791185
368 369 189.7621811030849
369 368 189.7621811030849
367 29 151.8197005990988
29 367 151.8197005990988
28 374 189.7621811030849
374 28 189.7621811030849
374 375 159.822
375 374 159.822
375 29 90.75936735125471
29 375 90.75936735125471
374 373 49.558698378791185
373 374 49.558698378791185
373 370 180.8931656917972
370 373 180.8931656917972
370 378 215.145
378 370 215.145
378 357 111.32690488826141
357 378 111.32690488826141
378 380 74.01968187583624
380 378 74.01968187583624
380 379 111.32690488826141
379 380 111.32690488826141
379 359 129.23327426789126
359 379 129.23327426789126
380 371 209.35927598269922
371 380 209.35927598269922
371 370 86.93170767907417
370 371 86.93170767907417
371 377 67.8958341726501
377 371 67.8958341726501
377 376 146.11252199931394
376 377 146.11252199931394
376 29 222.14410942899207
29 376 222.14410942899207
375 372 157.5599730674006
372 375 157.5599730674006
372 371 159.58540179477572
371 372 159.58540179477572
369 365 126.72365140335882
365 369 126.72365140335882
369 381 77.75408310822012
381 369 77.75408310822012
381 382 196.1268721057877
382 381 196.1268721057877
382 351 201.3553040200332
351 382 201.3553040200332
381 383 201.6365921255366
383 381 201.6365921255366
383 384 162.2854567513676
384 383 162.2854567513676
384 356 126.72365140335882
356 384 126.72365140335882
44 385 231.39189258269184
385 44 231.39189258269184
385 383 174.730569941267
383 385 174.730569941267
385 361 389.2560752127062
361 385 389.2560752127062
385 386 152.1925698482025
386 385 152.1925698482025
386 354 66.48997107083143
354 386 66.48997107083143
